DOPM;TRAJECTORY;Test;0.1;79;
LINE;000.00;-49.66;-32.99;000.00;0.00;000.00;000.00;000.00;0;ENDLINE;
LINE;000.30;-47.96;-32.57;000.00;0.00;007.14;023.80;000.00;0;ENDLINE;
LINE;000.60;-46.32;-31.72;000.00;0.00;003.70;006.16;000.00;0;ENDLINE;
LINE;000.90;-44.79;-31.29;000.00;0.00;002.28;002.54;000.00;0;ENDLINE;
LINE;001.20;-43.38;-30.44;000.00;0.00;001.76;001.47;000.00;0;ENDLINE;
LINE;001.50;-42.02;-29.59;000.00;0.00;001.39;000.93;000.00;0;ENDLINE;
LINE;001.80;-40.83;-28.32;000.00;0.00;001.20;000.67;000.00;0;ENDLINE;
LINE;002.10;-39.81;-27.05;000.00;0.00;001.00;000.48;000.00;0;ENDLINE;
LINE;002.40;-38.91;-26.20;000.00;0.00;000.80;000.33;000.00;0;ENDLINE;
LINE;002.70;-38.17;-24.50;000.00;0.00;000.82;000.30;000.00;0;ENDLINE;
LINE;003.00;-37.66;-23.22;000.00;0.00;000.65;000.22;000.00;0;ENDLINE;
LINE;003.30;-37.32;-21.52;000.00;0.00;000.64;000.20;000.00;0;ENDLINE;
LINE;003.60;-37.10;-19.83;000.00;0.00;000.58;000.16;000.00;0;ENDLINE;
LINE;003.90;-36.98;-17.70;000.00;0.00;000.60;000.15;000.00;0;ENDLINE;
LINE;004.20;-37.15;-16.00;000.00;0.00;000.48;000.12;000.00;0;ENDLINE;
LINE;004.50;-37.44;-14.31;000.00;0.00;000.45;000.10;000.00;0;ENDLINE;
LINE;004.80;-37.77;-12.18;000.00;0.00;000.47;000.10;000.00;0;ENDLINE;
LINE;005.10;-38.23;-10.48;000.00;0.00;000.39;000.08;000.00;0;ENDLINE;
LINE;005.40;-38.85;-08.36;000.00;0.00;000.41;000.08;000.00;0;ENDLINE;
LINE;005.70;-39.59;-06.66;000.00;0.00;000.34;000.06;000.00;0;ENDLINE;
LINE;006.00;-40.38;-04.96;000.00;0.00;000.33;000.05;000.00;0;ENDLINE;
LINE;006.30;-41.40;-03.26;000.00;0.00;000.31;000.05;000.00;0;ENDLINE;
LINE;006.60;-42.59;-01.99;000.00;0.00;000.26;000.04;000.00;0;ENDLINE;
LINE;006.90;-43.89;-00.72;000.00;0.00;000.24;000.04;000.00;0;ENDLINE;
LINE;007.20;-45.36;000.13;000.00;0.00;000.20;000.03;000.00;0;ENDLINE;
LINE;007.50;-46.89;000.98;000.00;0.00;000.20;000.03;000.00;0;ENDLINE;
LINE;007.80;-48.47;001.41;000.00;0.00;000.17;000.02;000.00;0;ENDLINE;
LINE;008.10;-50.00;001.41;000.00;0.00;000.14;000.02;000.00;0;ENDLINE;
LINE;008.40;-51.47;001.41;000.00;0.00;000.14;000.02;000.00;0;ENDLINE;
LINE;008.70;-53.00;001.41;000.00;0.00;000.13;000.02;000.00;0;ENDLINE;
LINE;009.00;-54.47;000.98;000.00;0.00;000.12;000.01;000.00;0;ENDLINE;
LINE;009.30;-55.95;000.56;000.00;0.00;000.11;000.01;000.00;0;ENDLINE;
LINE;009.60;-57.53;000.13;000.00;0.00;000.11;000.01;000.00;0;ENDLINE;
LINE;009.90;-59.17;-00.29;000.00;0.00;000.10;000.01;000.00;0;ENDLINE;
LINE;010.20;-60.81;-00.72;000.00;0.00;000.10;000.01;000.00;0;ENDLINE;
LINE;010.50;-62.51;-01.57;000.00;0.00;000.09;000.01;000.00;0;ENDLINE;
LINE;010.80;-64.27;-01.99;000.00;0.00;000.09;000.01;000.00;0;ENDLINE;
LINE;011.10;-65.91;-02.42;000.00;0.00;000.09;000.01;000.00;0;ENDLINE;
LINE;011.40;-67.66;-03.26;000.00;0.00;000.08;000.01;000.00;0;ENDLINE;
LINE;011.70;-69.30;-03.69;000.00;0.00;000.09;000.01;000.00;0;ENDLINE;
LINE;012.00;-71.00;-04.54;000.00;0.00;000.08;000.01;000.00;0;ENDLINE;
LINE;012.30;-72.70;-04.96;000.00;0.00;000.08;000.01;000.00;0;ENDLINE;
LINE;012.60;-74.34;-05.81;000.00;0.00;000.07;000.01;000.00;0;ENDLINE;
LINE;012.90;-75.93;-06.24;000.00;0.00;000.08;000.01;000.00;0;ENDLINE;
LINE;013.20;-77.46;-07.09;000.00;0.00;000.07;000.01;000.00;0;ENDLINE;
LINE;013.50;-78.87;-07.94;000.00;0.00;000.07;000.01;000.00;0;ENDLINE;
LINE;013.80;-80.17;-09.21;000.00;0.00;000.07;000.00;000.00;0;ENDLINE;
LINE;014.10;-81.25;-10.48;000.00;0.00;000.07;000.00;000.00;0;ENDLINE;
LINE;014.40;-82.10;-11.76;000.00;0.00;000.07;000.00;000.00;0;ENDLINE;
LINE;014.70;-82.89;-13.03;000.00;0.00;000.07;000.00;000.00;0;ENDLINE;
LINE;015.00;-83.40;-14.31;000.00;0.00;000.07;000.00;000.00;0;ENDLINE;
LINE;015.30;-83.80;-16.00;000.00;0.00;000.07;000.00;000.00;0;ENDLINE;
LINE;015.60;-84.02;-17.70;000.00;0.00;000.07;000.00;000.00;0;ENDLINE;
LINE;015.90;-84.08;-19.83;000.00;0.00;000.07;000.00;000.00;0;ENDLINE;
LINE;016.20;-83.97;-21.52;000.00;0.00;000.07;000.00;000.00;0;ENDLINE;
LINE;016.50;-83.80;-23.22;000.00;0.00;000.07;000.00;000.00;0;ENDLINE;
LINE;016.80;-83.40;-25.35;000.00;0.00;000.07;000.00;000.00;0;ENDLINE;
LINE;017.10;-82.95;-27.05;000.00;0.00;000.08;000.00;000.00;0;ENDLINE;
LINE;017.40;-82.38;-29.17;000.00;0.00;000.08;000.00;000.00;0;ENDLINE;
LINE;017.70;-81.64;-30.87;000.00;0.00;000.08;000.00;000.00;0;ENDLINE;
LINE;018.00;-80.74;-32.57;000.00;0.00;000.08;000.00;000.00;0;ENDLINE;
LINE;018.30;-79.66;-34.26;000.00;0.00;000.08;000.00;000.00;0;ENDLINE;
LINE;018.60;-78.42;-35.96;000.00;0.00;000.09;000.00;000.00;0;ENDLINE;
LINE;018.90;-77.00;-37.24;000.00;0.00;000.09;000.00;000.00;0;ENDLINE;
LINE;019.20;-75.47;-38.09;000.00;0.00;000.10;000.01;000.00;0;ENDLINE;
LINE;019.50;-73.83;-38.51;000.00;0.00;000.10;000.01;000.00;0;ENDLINE;
LINE;019.80;-72.19;-39.36;000.00;0.00;000.10;000.00;000.00;0;ENDLINE;
LINE;020.10;-70.55;-39.36;000.00;0.00;000.10;000.01;000.00;0;ENDLINE;
LINE;020.40;-68.96;-39.36;000.00;0.00;000.10;000.00;000.00;0;ENDLINE;
LINE;020.70;-67.32;-38.94;000.00;0.00;000.10;000.00;000.00;0;ENDLINE;
LINE;021.00;-65.79;-38.51;000.00;0.00;000.10;000.00;000.00;0;ENDLINE;
LINE;021.30;-64.27;-38.09;000.00;0.00;000.10;000.00;000.00;0;ENDLINE;
LINE;021.60;-62.74;-37.66;000.00;0.00;000.10;000.00;000.00;0;ENDLINE;
LINE;021.90;-61.10;-37.24;000.00;0.00;000.10;000.00;000.00;0;ENDLINE;
LINE;022.20;-59.51;-36.81;000.00;0.00;000.09;000.00;000.00;0;ENDLINE;
LINE;022.50;-57.87;-35.96;000.00;0.00;000.10;000.00;000.00;0;ENDLINE;
LINE;022.80;-56.12;-35.54;000.00;0.00;000.10;000.00;000.00;0;ENDLINE;
LINE;023.10;-54.42;-35.11;000.00;0.00;000.09;000.00;000.00;0;ENDLINE;
LINE;023.40;-52.66;-34.26;000.00;0.00;000.10;000.00;000.00;0;ENDLINE;
ENDTRAJECTORY;
ENDDOPM;